10
12
20
25
29
39
47
51
54
67
81
92
107
109
115
126
139
145
150
157
165
169
189
192
225
228
231
233
244
257
265
272
277
288
310
323
333
337
340
344
345
347
356
363
377
393
420
428
449
458
460
474
484
491
499
510
514
518
522
554
570
576
588
594
603
630
633
639
640
647
660
661
662
670
672
675
677
682
695
697
704
705
706
710
726
727
728
733
735
747
752
759
761
770
773
788
798
800
801
802
806
840
877
884
908
916
926
952
953
961
965
972
993
997
1001
1005
1016
1039
1041
1072
1081
1083
1095
1100
1101
1104
1107
1129
1140
1144
1166
1167
1197
1213
1231
1248
1250
1259
1278
1280
1309
1313
1314
1317
1323
1351
1355
1357
1365
1379
1383
1386
1401
1409
1424
1434
1444
1448
1456
1509
1515
1517
1529
1540
1541
1551
1576
1578
1582
1593
1601
1614
1616
1623
1660
1678
1691
1692
1706
1707
1737
1743
1755
1769
1777
1778
1789
1790
1794
1796
1804
1823
1838
1843
1852
1853
1881
1915
1942
1952
1959
1971
1976
1978
1986
1990
2004
2005
2006
2009
2013
2022
2027
2036
2065
2074
2077
2079
2092
2101
2110
2119
2139
2152
2166
2167
2168
2174
2179
2185
2191
2195
2209
2215
2216
2222
2223
2252
2254
2255
2258
2267
2290
2300
2304
2314
2315
2321
2337
2359
2362
2392
2405
2407
2409
2424
2465
2473
2490
2499
2509
2512
2529
2530
2557
2562
2583
2584
2589
2597
2604
2610
2643
2647
2662
2673
2678
2684
2690
2693
2718
2721
2728
2729
2733
2751
2753
2768
2782
2789
2792
2802
2807
2835
2839
2849
2854
2863
2868
2888
2893
2895
2897
2907
2927
2931
2942
2946
2953
2977
2979
2985
2997
3009
3011
3035
3039
3055
3058
3060
3065
3081
3088
3090
3099
3100
3109
3129
3136
3143
3146
3180
3182
3205
3215
3222
3227
3228
3235
3257
3261
3278
3284
3285
3286
3290
3323
3325
3348
3382
3407
3410
3421
3430
3435
3438
3441
3454
3473
3476
3477
3478
3488
3495
3503
3524
3534
3558
3564
3566
3576
3579
3585
3591
3597
3599
3603
3606
3619
3620
3628
3629
3637
3651
3657
3659
3681
3688
3691
3693
3708
3713
3742
3755
3768
3771
3779
3794
3808
3818
3822
3826
3834
3842
3866
3875
3882
3886
3899
3906
3911
3922
3940
3949
3975
3986
3987
3988
3989
4002
4004
4021
4026
4037
4046
4047
4054
4056
4058
4074
4079
4083
4098
4109
4112
4119
4121
4126
4127
4140
4144
4146
4157
4158
4178
4184
4187
4217
4229
4232
4242
4262
4265
4269
4271
4273
4279
4287
4288
4302
4305
4310
4316
4317
4329
4382
4395
4400
4448
4459
4467
4471
4475
4476
4501
4512
4514
4519
4525
4531
4535
4543
4550
4555
4556
4564
4565
4580
4594
4605
4607
4615
4623
4633
4638
4645
4650
4658
4675
4684
4685
4698
4702
4703
4712
4713
4716
4718
4742
4762
4772
4798
4816
4880
4890
4893
4909
4917
4922
4931
4942
4951
4971
4985
4992
5001
5004
5008
5018
5032
5041
5063
5071
5083
5084
5087
5088
5101
5126
5135
5136
5163
5180
5181
5229
5251
5252
5265
5266
5270
5282
5286
5306
5308
5310
5311
5313
5317
5321
5325
5338
5354
5356
5361
5365
5372
5374
5375
5377
5379
5394
5399
5401
5411
5414
5435
5436
5449
5479
5493
5527
5528
5538
5582
5596
5606
5615
5618
5631
5641
5644
5650
5693
5711
5726
5728
5749
5776
5791
5799
5814
5817
5828
5831
5842
5851
5852
5857
5875
5884
5886
5887
5907
5910
5926
5935
5940
5944
5970
5976
5984
5995
6025
6031
6056
6059
6072
6086
6090
6093
6095
6113
6123
6136
6169
6171
6175
6177
6178
6195
6199
6202
6220
6224
6231
6234
6248
6250
6257
6275
6280
6289
6290
6292
6299
6301
6304
6307
6308
6382
6385
6405
6409
6422
6437
6438
6444
6465
6468
6469
6479
6514
6552
6553
6560
6563
6564
6597
6618
6627
6645
6650
6662
6679
6688
6700
6708
6730
6744
6763
6775
6783
6802
6810
6822
6825
6863
6887
6888
6897
6900
6903
6904
6906
6922
6934
6936
6938
6945
6954
6955
6957
6959
6978
6982
6991
7026
7045
7049
7057
7065
7098
7105
7106
7120
7146
7156
7160
7178
7218
7221
7250
7310
7327
7355
7360
7383
7388
7402
7411
7414
7416
7423
7426
7430
7452
7455
7471
7479
7489
7499
7503
7504
7505
7508
7509
7514
7527
7544
7546
7553
7555
7556
7559
7570
7588
7601
7603
7614
7621
7633
7636
7643
7646
7653
7658
7669
7673
7687
7704
7724
7748
7754
7772
7783
7798
7800
7811
7816
7832
7840
7842
7854
7859
7869
7870
7881
7882
7897
7922
7923
7934
7935
7951
7958
7973
7977
7982
7985
7994
8001
8017
8021
8024
8026
8036
8066
8075
8076
8078
8097
8104
8108
8126
8141
8146
8159
8161
8191
8201
8205
8210
8214
8215
8216
8217
8219
8220
8250
8259
8277
8293
8295
8298
8315
8328
8335
8347
8390
8392
8395
8403
8411
8412
8426
8434
8444
8447
8455
8489
8490
8510
8514
8523
8540
8577
8579
8587
8597
8610
8615
8620
8623
8643
8644
8657
8685
8704
8708
8723
8725
8735
8743
8750
8752
8760
8762
8765
8794
8795
8821
8823
8827
8870
8886
8901
8910
8938
8947
8960
8984
8990
8991
8995
9008
9036
9052
9067
9073
9080
9085
9105
9115
9134
9143
9155
9160
9162
9163
9168
9172
9180
9188
9190
9203
9209
9214
9215
9216
9220
9228
9232
9246
9289
9295
9297
9305
9308
9316
9323
9335
9338
9340
9343
9369
9380
9383
9386
9387
9390
9393
9430
9431
9433
9436
9438
9440
9461
9463
9470
9489
9496
9514
9535
9536
9546
9583
9584
9595
9596
9603
9614
9624
9625
9628
9629
9632
9633
9640
9659
9661
9663
9674
9675
9679
9684
9709
9719
9730
9748
9760
9766
9768
9774
9778
9799
9807
9814
9821
9852
9869
9884
9906
9921
9931
9938
9949
9957
9973
9974
9989
9990
9991
9996
10016
10020
10026
10027
10033
10052
10066
10067
10073
10086
10091
10092
10124
10130
10131
10133
10166
10181
10186
10197
10199
10210
10211
10224
10229
10245
10293
10297
10335
10337
10342
10346
10347
10362
10374
10376
10379
10390
10400
10402
10437
10451
10454
10466
10471
10473
10474
10490
10499
10517
10534
10557
10575
10576
10597
10598
10603
10610
10624
10627
10636
10643
10649
10662
10664
10698
10707
10748
10749
10763
10779
10785
10787
10792
10793
10795
10798
10818
10825
10844
10848
10851
10854
10877
10885
10890
10904
10905
10912
10914
10919
10930
10955
10970
10980
10982
10984
10985
11007
11011
11012
11044
11048
11071
11072
11088
11093
11106
11130
11156
11166
11175
11196
11200
11201
11223
11248
11250
11251
11254
11268
11278
11293
11296
11299
11307
11315
11320
11322
11329
11335
11350
11352
11356
11371
11385
11388
11393
11402
11408
11409
11412
11413
11416
11419
11421
11431
11436
11440
11448
11458
11470
11479
11482
11500
11503
11504
11506
11523
11524
11542
11544
11584
11586
11588
11589
11605
11620
11626
11632
11642
11643
11674
11701
11723
11734
11763
11766
11781
11799
11808
11812
11818
11824
11827
11832
11836
11837
11855
11858
11871
11884
11887
11889
11893
11907
11915
11917
11919
11932
11936
11944
11952
11959
11969
11982
11998
12008
12016
12031
12044
12059
12081
12087
12092
12094
12095
12101
12103
12107
12114
12126
12131
12148
12155
12174
12189
12206
12255
12256
12258
12264
12265
12269
12271
12272
12276
12280
12287
12294
12306
12308
12319
12327
12336
12341
12348
12359
12390
12399
12412
12431
12450
12464
12476
12490
12491
12499
12503
12505
12512
12541
12544
12549
12552
12555
12562
12563
12569
12586
12593
12605
12618
12621
12629
12645
12655
12658
12664
12666
12670
12674
12679
12681
12682
12691
12694
12696
12700
12702
12708
12718
12728
12743
12758
12772
12774
12777
12780
12783
12793
12802
12805
12807
12813
12815
12818
12820
12821
12832
12834
12835
12850
12862
12877
12921
12927
12938
12953
12964
12978
12980
12983
12992
12993
12994
13015
13016
13031
13043
13048
13066
13070
13071
13080
13087
13089
13092
13095
13100
13101
13103
13118
13126
13143
13170
13171
13181
13186
13191
13203
13206
13210
13219
13228
13231
13240
13256
13275
13284
13286
13313
13319
13321
13330
13356
13361
13376
13390
13400
13401
13411
13416
13421
13434
13440
13442
13446
13448
13449
13460
13462
13474
13502
13504
13531
13544
13551
13560
13563
13566
13567
13579
13597
13604
13606
13608
13609
13618
13627
13629
13633
13643
13644
13646
13653
13664
13666
13692
13716
13722
13726
13738
13745
13768
13769
13776
13778
13782
13784
13794
13803
13805
13809
13813
13839
13854
13857
13876
13881
13901
13906
13917
13921
13926
13931
13937
13944
13958
13969
13974
13979
13981
13991
14001
14007
14021
14032
14037
14049
14053
14096
14113
14114
14119
14162
14171
14186
14190
14192
14194
14206
14208
14211
14220
14234
14246
14250
14257
14261
14277
14317
14333
14335
14345
14363
14365
14375
14378
14379
14393
14396
14398
14399
14400
14414
14452
14454
14457
14475
14479
14484
14504
14524
14537
14544
14545
14552
14560
14572
14574
14600
14612
14619
14628
14629
14634
14637
14639
14647
14652
14653
14659
14673
14677
14684
14693
14697
14706
14711
14713
14723
14735
14738
14744
14747
14748
14751
14752
14755
14770
14774
14777
14780
14788
14792
14794
14801
14811
14820
14833
14855
14873
14876
14880
14885
14890
14906
14908
14910
14917
14928
14935
14938
14940
14947
14955
14958
14960
14963
14990
14996
15027
15028
15035
15054
15057
15070
15075
15084
15086
15087
15091
15094
15097
15115
15121
15123
15126
15133
15144
15159
15161
15171
15185
15203
15204
15218
15237
15253
15255
15260
15261
15271
15279
15284
15286
15298
15300
15308
15310
15381
15391
15395
15403
15405
15411
15431
15433
15434
15438
15446
15448
15452
15454
15460
15464
15471
15483
15489
15490
15496
15503
15511
15522
15524
15531
15546
15582
15584
15586
15598
15612
15621
15626
15627
15628
15652
15679
15684
15689
15691
15696
15701
15707
15708
15709
15731
15738
15739
15746
15752
15786
15808
15823
15836
15848
15851
15853
15881
15888
15892
15895
15902
15903
15918
15919
15920
15928
15934
15962
15972
15988
15991
15997
15999
16016
16020
16029
16039
16042
16045
16048
16050
16057
16059
16074
16077
16095
16102
16104
16113
16117
16124
16129
16141
16142
16146
16147
16174
16185
16203
16233
16241
16254
16265
16274
16275
16282
16292
16301
16305
16307
16310
16321
16322
16331
16370
16372
16373
16384
16388
16395
16409
16433
16434
16437
16449
16469
16472
16475
16484
16495
16520
16524
16527
16530
16534
16537
16562
16563
16565
16578
16581
16608
16615
16616
16620
16624
16629
16630
16635
16648
16654
16668
16672
16678
16683
16684
16705
16709
16711
16722
16727
16730
16734
16739
16748
16759
16782
16789
16790
16800
16803
16813
16820
16840
16841
16859
16880
16886
16898
16907
16928
16931
16952
16960
16962
16963
16968
16972
16975
16997
17007
17026
17040
17042
17062
17072
17075
17077
17081
17085
17087
17110
17111
17116
17118
17140
17143
17144
17158
17162
17171
17172
17178
17188
17190
17211
17230
17250
17272
17278
17285
17286
17294
17302
17317
17328
17330
17346
17368
17371
17375
17376
17403
17419
17426
17433
17434
17440
17452
17466
17474
17488
17506
17528
17530
17531
17550
17561
17568
17572
17574
17578
17595
17604
17610
17619
17621
17626
17636
17648
17652
17663
17667
17683
17697
17704
17711
17731
17734
17740
17751
17786
17816
17818
17827
17849
17857
17858
17863
17866
17883
17899
17909
17913
17933
17938
17948
17957
17967
17994
18001
18019
18025
18027
18031
18033
18037
18042
18069
18076
18078
18085
18099
18128
18135
18137
18141
18152
18165
18171
18174
18179
18192
18201
18260
18274
18277
18279
18286
18291
18297
18309
18312
18330
18345
18356
18367
18379
18385
18388
18397
18405
18412
18427
18430
18432
18457
18470
18472
18487
18489
18490
18512
18530
18543
18545
18562
18573
18596
18607
18610
18611
18612
18627
18637
18641
18647
18668
18688
18703
18704
18725
18729
18731
18737
18752
18757
18764
18779
18788
18800
18820
18823
18844
18870
18872
18889
18898
18940
18948
18952
18988
18991
18993
19005
19018
19020
19030
19042
19045
19062
19078
19080
19092
19093
19101
19112
19126
19127
19137
19152
19158
19160
19167
19175
19178
19193
19196
19201
19208
19217
19229
19230
19233
19258
19259
19263
19271
19281
19286
19317
19333
19346
19356
19373
19387
19391
19392
19393
19400
19401
19405
19411
19423
19430
19435
19451
19452
19458
19463
19476
19479
19483
19493
19495
19512
19513
19520
19523
19525
19564
19569
19575
19576
19589
19595
19625
19648
19651
19656
19676
19685
19707
19708
19714
19715
19718
19719
19731
19741
19764
19772
19790
19811
19814
19839
19845
19848
19856
19862
19881
19888
19889
19905
19920
19938
19943
19944
19951
19952
19971
19978
19984
19998
